% Macthing done by Liu on MAD. There was a difference in the model
% that caused an assymetry of the optics. Liu changed the model on MAD to
% agree with the AT model and did the matching again, creating the S10_02
% optics.
%  QUADRUPOLOS
%  ===========
QFA_strength  = 3.564163099141;
QDA_strength  =-1.537784298689;
QDB2_strength =-3.204319620651;
QFB_strength  = 4.096109116982;
QDB1_strength =-2.057582400574;
QDP2_strength = 0.000000000000;
QFP_strength  = 2.305971093805;
QDP1_strength =-1.407829594769;
Q1_strength   = 2.923551830042;
Q2_strength   = 4.265188804423;
Q3_strength   = 3.273391092836;
Q4_strength   = 3.937386169778;

% same sextupoles as si.v14.c03
%  SEXTUPOLOS
%  ===========
SDA0_strength  = -79.9696;
SDB0_strength  = -59.7268;
SDP0_strength  = -79.9696;
SDA1_strength  =-168.4648;
SDB1_strength  =-129.9407;
SDP1_strength  =-168.4648;
SDA2_strength  = -92.0401;
SDB2_strength  =-126.6479;
SDP2_strength  = -92.0401;
SDA3_strength  =-123.8271;
SDB3_strength  =-182.9644;
SDP3_strength  =-123.8271;
SFA0_strength  =  54.3899;
SFB0_strength  =  73.6649;
SFP0_strength  =  54.3899;
SFA1_strength  = 191.9406;
SFB1_strength  = 228.3979;
SFP1_strength  = 191.9406;
SFA2_strength  = 154.7264;
SFB2_strength  = 213.3971;
SFP2_strength  = 154.7264;