% Matching done by Liu on MAD. Exact simmetry of optics in the MC markers.
% The dynamic aperture is not very good 
%  QUADRUPOLOS
%  ===========
QFA_strength  = 3.615330935595;
QDA_strength  =-1.536945137228;
QDB2_strength =-3.219266951761;
QFB_strength  = 4.093789258132;
QDB1_strength =-2.040885443971;
QDP2_strength =-0.179366774673;
QFP_strength  = 2.425486024752;
QDP1_strength =-1.421262635498;
Q1_strength   = 2.823883739904;
Q2_strength   = 4.328376648999;
Q3_strength   = 3.289214163551;
Q4_strength   = 3.889791885421;

% same sextupoles as si.v14.c03
%  SEXTUPOLOS
%  ===========
SDA0_strength  = -79.9696;
SDB0_strength  = -59.7268;
SDP0_strength  = -79.9696;
SDA1_strength  =-168.4648;
SDB1_strength  =-129.9407;
SDP1_strength  =-168.4648;
SDA2_strength  = -92.0401;
SDB2_strength  =-126.6479;
SDP2_strength  = -92.0401;
SDA3_strength  =-123.8271;
SDB3_strength  =-182.9644;
SDP3_strength  =-123.8271;
SFA0_strength  =  54.3899;
SFB0_strength  =  73.6649;
SFP0_strength  =  54.3899;
SFA1_strength  = 191.9406;
SFB1_strength  = 228.3979;
SFP1_strength  = 191.9406;
SFA2_strength  = 154.7264;
SFB2_strength  = 213.3971;
SFP2_strength  = 154.7264;