% data BBA booster 

******** Mesure orbite **********   
QP = 3     37.21   64.26   86.72   92.70   94.37   95.18   93.27   93.74   93.99   93.21   94.85   94.08   95.12   95.05   94.27   94.13   92.16   86.87   60.51   29.54    0.00 
Sig=1.42293  Dz=0.570347 

******** Mesure orbite **********   
QP = 4      4.27   55.67   71.58   86.76   93.24   94.95   95.22   95.10   94.68   93.92   95.16   95.04   95.13   95.00   94.23   93.88   92.06   86.28   57.89   14.61    0.04 
Sig=1.90668  Dz=0.360086 

******** Mesure orbite **********   
QP = 5      0.22   31.00   72.12   87.86   94.71   95.25   94.65   94.98   95.57   95.10   94.90   95.30   95.10   94.06   94.06   92.65   90.17   69.45   47.15   18.28    0.00 
Sig=2.32641  Dz=0.281871 

******** Mesure orbite **********   
QP = 6     20.21   67.38   91.20   92.36   95.65   95.91   95.16   95.30   95.76   95.59   94.14   94.98   94.96   94.69   94.06   90.00   77.36   44.97    2.38    0.11    0.00 
Sig=2.43694  Dz=1.37772 

******** Mesure orbite **********   
QP = 7      0.07   12.90   62.53   86.46   92.96    0.00    0.00   94.80   95.00   95.32   95.41   95.34   94.99   95.79   94.16   93.93   90.73   78.69   35.45    1.14    0.00 
Sig=2.36778  Dz=0.171331 

******** Mesure orbite **********   
QP = 7      0.00   12.19   68.51   88.35   93.41   94.61   95.24   95.38   95.34   95.50   95.16   95.61   95.37   95.00   93.78   94.38   90.35   76.99   35.47    0.58    0.05 
Sig=2.60883  Dz=0.307106 

******** Mesure orbite **********   
QP = 8      5.34   46.15   82.62   90.73   94.57   95.24   94.79   95.07   94.56   95.49   95.00   94.92   95.04   95.26   95.29   93.90   90.35   83.77   61.69   12.30    0.00 
Sig=1.88594  Dz=0.363787 

******** Mesure orbite **********   
QP = 8      0.00    4.45   47.85   74.29   89.61   91.89   92.27   95.01   95.45   94.59   94.93   94.82   95.27   95.26   95.27   95.06   94.07   90.80   81.41   57.11    9.60    0.00    0.00 
Sig=2.01216  Dz=0.382944 

******** Mesure orbite **********   
QP = 9      0.00    0.00   30.08   75.23   88.58   93.17   94.60   95.44   94.82   95.30   95.23   95.24   95.15   94.94   95.49   95.19   94.85   94.69   92.37   84.40   68.75   19.10    0.00 
Sig=1.35834  Dz=-0.391218 

******** Mesure orbite **********   
QP = 10     14.71   60.55   83.96   90.87   94.12   94.78   95.51   95.26   94.81   95.34   95.50   95.55   95.19   95.15   95.20   94.47   93.95   90.63   82.27   51.31    7.89    0.00    0.00 
Sig=1.22611  Dz=1.16353 

******** Mesure orbite **********   
QP = 11      0.00    3.43   41.23   80.79   90.74   93.73   94.81   95.20   94.93   95.02   95.09   95.15   95.48   95.51   94.47   95.31   94.30   92.35   84.05   58.54   10.12    0.00    0.00 
Sig=1.97787  Dz=0.342951 

******** Mesure orbite **********   
QP = 12     95.03   94.90   95.43   95.43   94.90   94.99   95.48   94.93   95.32   94.95   94.95   95.82   94.61   95.22   94.77   95.07   94.73   95.36   94.46   95.33   95.24   94.12   91.10 
Sig=0.00127499  Dz=0.0039217 

******** Mesure orbite **********   
QP = 15     54.63   84.26   91.69   94.55   95.31   95.19   95.25   95.29   95.02   94.94   94.72   95.48   95.48   95.34   94.81   92.91   86.33   64.41   16.01    0.00    0.00    0.00    0.46 
Sig=1.67368  Dz=2.48688 

******** Mesure orbite **********   
QP = 14      2.18   47.11   79.91   90.90   93.74   94.94   95.78   95.10   95.62   95.44   95.15   95.48   95.14   95.54   95.50   95.62   94.56   92.88   85.00   60.36    7.34    0.00    0.00 
Sig=1.30073  Dz=0.85931 

******** Mesure orbite **********   
QP = 16      0.00    0.00    0.00    0.00   32.48   79.23   91.70   93.56   94.73   94.31   93.30   94.78   94.99   95.25   95.35   94.92   95.11   95.56   94.41   90.56   79.34   47.64    2.37 
Sig=2.21903  Dz=-1.60474 
******** Mesure orbite **********   
QP = 17      0.00    0.00   15.12   71.07   89.66   93.93   94.74   95.01   95.96   95.29   95.68   95.14   95.67   95.38   94.88    0.00   95.11   94.89   91.11   81.77   40.43    2.90    0.00 
Sig=1.59841  Dz=-0.22972 

******** Mesure orbite **********   
QP = 18     37.16   82.36   93.00   94.91   95.61   94.91   95.82   94.97   95.35   95.96   95.45   95.62   94.82   95.00   93.42   90.95   80.75   47.75    2.87    0.00    0.21    0.00    0.00 
Sig=2.07943  Dz=2.58166 

******** Mesure orbite **********   
QP = 19     17.45   66.39   83.31   92.02   93.98   95.21   95.41   95.63   95.71   94.79   95.72   95.61   95.17   95.37   93.31   92.95   90.00   79.33   59.30   20.51    0.10    0.00    0.23 
Sig=1.66602  Dz=1.52493 

******** Mesure orbite **********   
QP = 20     53.90   83.14   90.12   93.82   94.67   95.04   95.43   95.18   95.47   95.40   95.87   95.52   95.51   93.92   92.85   84.09   64.47   10.93    0.00    0.00    0.08    0.00    0.03 
Sig=2.24013  Dz=3.16299 

******** Mesure orbite **********   
QP = 20     51.81   81.94   92.10   93.53   94.57   95.22   95.40   95.64   96.33   95.78   95.23   95.95   95.24   94.71   92.18   86.91   61.47    8.79    0.14    0.00    0.05    0.00    0.00 
Sig=2.28884  Dz=3.17021 

******** Mesure orbite **********   
QP = 20     52.73   75.40   88.71   93.73   95.33   94.38   95.68   95.47   95.84   95.69   95.73   95.22   95.33   94.79   92.21   84.69   64.98   12.85    0.00    0.05    0.00    0.00    0.02 
Sig=2.35009  Dz=3.04854 

******** Mesure orbite **********   
QP = 21      0.19    0.00   10.34   53.64   84.60   92.29   94.41   94.60   95.66   95.67   95.60   95.87   95.47   95.67   95.79   95.89   95.90   95.59   95.44   92.75   87.93   66.62   13.93 
Sig=1.11764  Dz=-1.17396 




