function BBA=measorbitv_data1
% data BBA booster du 11 dec 2006
BBA=[];
BBA=[BBA ; 3   0.00  37.21  64.26   86.72   92.70   94.37   95.18   93.27   93.74   93.99   93.21   94.85   94.08   95.12   95.05   94.27   94.13   92.16   86.87   60.51   29.54    0.00    0.00];
BBA=[BBA ; 4   0.00  4.27   55.67   71.58   86.76   93.24   94.95   95.22   95.10   94.68   93.92   95.16   95.04   95.13   95.00   94.23   93.88   92.06   86.28   57.89   14.61    0.04    0.00];
BBA=[BBA ; 5   0.00  0.22   31.00   72.12   87.86   94.71   95.25   94.65   94.98   95.57   95.10   94.90   95.30   95.10   94.06   94.06   92.65   90.17   69.45   47.15   18.28    0.00    0.00];
BBA=[BBA ; 6   0.00  20.21  67.38   91.20   92.36   95.65   95.91   95.16   95.30   95.76   95.59   94.14   94.98   94.96   94.69   94.06   90.00   77.36   44.97    2.38    0.11    0.00    0.00] ;
BBA=[BBA ; 7   0.00  0.00   12.19   68.51   88.35   93.41   94.61   95.24   95.38   95.34   95.50   95.16   95.61   95.37   95.00   93.78   94.38   90.35   76.99   35.47    0.58    0.05    0.00];
BBA=[BBA ; 8   0.00  4.45   47.85   74.29   89.61   91.89   92.27   95.01   95.45   94.59   94.93   94.82   95.27   95.26   95.27   95.06   94.07   90.80   81.41   57.11    9.60    0.00    0.00]; 
BBA=[BBA ; 9   0.00  0.00   30.08   75.23   88.58   93.17   94.60   95.44   94.82   95.30   95.23   95.24   95.15   94.94   95.49   95.19   94.85   94.69   92.37   84.40   68.75   19.10    0.00];
BBA=[BBA ;10   14.71 60.55  83.96   90.87   94.12   94.78   95.51   95.26   94.81   95.34   95.50   95.55   95.19   95.15   95.20   94.47   93.95   90.63   82.27   51.31    7.89    0.00    0.00];
BBA=[BBA ;11   0.00  3.43   41.23   80.79   90.74   93.73   94.81   95.20   94.93   95.02   95.09   95.15   95.48   95.51   94.47   95.31   94.30   92.35   84.05   58.54   10.12    0.00    0.00] ; 
BBA=[BBA ;14   2.18  47.11  79.91   90.90   93.74   94.94   95.78   95.10   95.62   95.44   95.15   95.48   95.14   95.54   95.50   95.62   94.56   92.88   85.00   60.36    7.34    0.00    0.00];
BBA=[BBA ;15   54.63 84.26  91.69   94.55   95.31   95.19   95.25   95.29   95.02   94.94   94.72   95.48   95.48   95.34   94.81   92.91   86.33   64.41   16.01    0.00    0.00    0.00    0.46];
BBA=[BBA ;16   0.00   0.00   0.00    0.00   32.48   79.23   91.70   93.56   94.73   94.31   93.30   94.78   94.99   95.25   95.35   94.92   95.11   95.56   94.41   90.56   79.34   47.64    2.37];
BBA=[BBA ;17   0.00   0.00  15.12   71.07   89.66   93.93   94.74   95.01   95.96   95.29   95.68   95.14   95.67   95.38   94.88   95.00   95.11   94.89   91.11   81.77   40.43    2.90    0.00] ;
BBA=[BBA ;18  37.16  82.36  93.00   94.91   95.61   94.91   95.82   94.97   95.35   95.96   95.45   95.62   94.82   95.00   93.42   90.95   80.75   47.75    2.87    0.00    0.21    0.00    0.00] ;
BBA=[BBA ;19  17.45  66.39  83.31   92.02   93.98   95.21   95.41   95.63   95.71   94.79   95.72   95.61   95.17   95.37   93.31   92.95   90.00   79.33   59.30   20.51    0.10    0.00    0.23];
BBA=[BBA ;20  52.73  75.40  88.71   93.73   95.33   94.38   95.68   95.47   95.84   95.69   95.73   95.22   95.33   94.79   92.21   84.69   64.98   12.85    0.00    0.05    0.00    0.00    0.02];
BBA=[BBA ;21   0.19   0.00  10.34   53.64   84.60   92.29   94.41   94.60   95.66   95.67   95.60   95.87   95.47   95.67   95.79   95.89   95.90   95.59   95.44   92.75   87.93   66.62   13.93] ;







