% data rf scan
% rf  nux nuz I Tau Xmean  Xmax  Zmean Zmax
% table=[ table ; ];
table=[];
table=[ table ;352.196400  0.412741  0.221504  18.009  3.33703  -0.0633489  0.493541  -0.602616  0.0090875  0.676966  -0.787591 ];
table=[ table ; 352.197000  0.412131  0.220161  17.8467  3.23226  -0.858917  -0.0284722  -1.65552  0.0272908  0.645438  -0.738813];
table=[ table ;352.197500  0.412741  0.220161  17.7881  3.23226  -1.56611  -0.482017  -2.6747  0.0438212  0.653314  -0.699442 ];
table=[ table ; 352.198000  0.413351  0.221381  17.2405  3.13533  -2.31491  -0.954116  -3.74225  0.0611634  0.71026  -0.661704];
table=[ table ; 352.198500  0.413839  0.224188  15.6075  3.13533  -3.09567  -1.44237  -4.82339  0.0789183  0.771919  -0.62402];
table=[ table ; 352.199000  0.41567  0.229436  15.167  0.938577  -3.9278  -1.96892  -5.92357  0.10043  0.866799  -0.586966];
table=[ table ; 352.199500  0.417012  0.239199  14.8774  1.01238  -4.83097  -2.55999  -6.9986  0.125238  0.940278  -0.580885];
table=[ table ; ];
table=[ table ; ];
table=[ table ; 352.199910  0.394435  0.329387  11.3301  2.6191  -5.55357  -2.96207  -7.7735  0.14577  0.879251  -0.4836];
table=[ table ; 352.199960  0.392604  0.332682  11.2695  2.22741  -5.70585  -3.06377  -7.88779  0.150015  0.873889  -0.48515];
table=[ table ; 352.200000  0.390774  0.334879  11.1424  1.93295  -5.79056  -3.12028  -7.94651  0.151789  0.863122  -0.48651
];
table=[ table ; 352.200040  0.387967  0.337686  10.8391  0.896308  -5.92427  -3.21008  -8.04109  0.154248  0.842598  -0.488082];
table=[ table ; ];
table=[ table ; ];
table=[ table ; ];
table=[ table ; ];
table=[ table ; ];
table=[ table ; ];
table=[ table ; ];
table=[ table ; ];
table=[ table ; ];
table=[ table ; ];
table=[ table ; ];
table=[ table ; ];
table=[ table ; ];
table=[ table ; ];
table=[ table ; ];
table=[ table ; ];
table=[ table ; ];
table=[ table ; ];
table=[ table ; ];
table=[ table ; ];
table=[ table ; ];
table=[ table ; ];
table=[ table ; ];
table=[ table ; ];
