% data rf scan
% rf  nux nuz I Tau Xmean  Xmax  Zmean Zmax
% table=[ table ; ];
table=[];
table=[ table ; 352.196400  0.399683  0.298755  11.0335  3.74538  -0.0418158 0.523403  -0.573558  0.00499705  0.61439  -0.720395];
table=[ table ; 352.196500  0.399072  0.298145  10.8558  3.74538  -0.168447  0.439266  -0.720501  0.00750667  0.612309  -0.714992];
table=[ table ; 352.196600  0.399195  0.297657  10.8195  3.74538  -0.296733  0.356029  -0.88624  0.0102962  0.607911  -0.708516];
table=[ table ; 352.196700  0.399072  0.297535  10.7882  3.74538  -0.427149  0.271878  -1.05576  0.0131364  0.603468  -0.701527];
table=[ table ; 352.196800  0.398584  0.296925  10.7665  3.74538  -0.558547  0.186717  -1.22874  0.0159887  0.598816  -0.695077];
table=[ table ; 352.196900  0.398462  0.296925  10.7371  3.74538  -0.691607  0.100866  -1.4233  0.0188107  0.593879  -0.68817];
table=[ table ; 352.197000  0.397974  0.296436  10.709  3.74538  -0.82619  0.0146946  -1.61973  0.0217117  0.58952  -0.68136];
table=[ table ; 352.197100  0.397974  0.296436  10.6918  3.74538  -0.962712  -0.0725137  -1.81971  0.024692  0.584771  -0.674712];
table=[ table ; 352.197200  0.397974  0.296436  10.6805  3.74538  -1.1003  -0.160047  -2.02055  0.0275996  0.580483  -0.668207];
table=[ table ; 352.197300  0.397974  0.295826  10.6711  3.74538  -1.24008  -0.248005  -2.22513  0.0305861  0.573417  -0.661311];
table=[ table ;352.197400  0.397974  0.295826  10.6554  3.74538  -1.38102  -0.336604  -2.43119  0.0337831  0.571721  -0.654391 ];
table=[ table ; 352.197500  0.397974  0.295826  10.6447  3.74538  -1.52382  -0.426459  -2.63932  0.0367685  0.56848  -0.647727];
table=[ table ; 352.197600  0.397364  0.295826  10.6347  3.74538  -1.66788  -0.51666  -2.84875  0.0399797  0.563982  -0.641233];
table=[ table ; 352.197700  0.397364  0.295826  10.6236  3.74538  -1.81288  -0.607802  -3.05873  0.0432574  0.562382  -0.634938];
table=[ table ; 352.197800  0.397364  0.295826  10.5945  3.74538  -1.96048  -0.698971  -3.27286  0.0463999  0.57762  -0.625482];
table=[ table ; 352.197900  0.397364  0.296314  10.585  3.74538  -2.1085  -0.790562  -3.4863  0.0497793  0.593632  -0.622096];
table=[ table ; 352.198000  0.397364  0.296436  10.5726  3.74538  -2.25916  -0.884495  -3.70164  0.0532638  0.609778  -0.615135];
table=[ table ; 352.198100  0.397364  0.297047  10.5449  3.74538  -2.41003  -0.978886  -3.91583  0.056602  0.626803  -0.608192];
table=[ table ; 352.198200  0.397364  0.297047  10.5353  3.74538  -2.56297  -1.07219  -4.13119  0.0604033  0.643417  -0.601207];
table=[ table ; 352.198300  0.397364  0.297535  10.5276  3.74538  -2.71735  -1.16804  -4.34871  0.0642003  0.661883  -0.594109];
table=[ table ; 352.198400  0.397364  0.298145  10.5037  3.74538  -2.87269  -1.26467  -4.56911  0.0679158  0.681829  -0.587351];
table=[ table ; 352.198500  0.396754  0.298755  10.4841  3.74538  -3.02985  -1.36198  -4.78956  0.0719784  0.699806  -0.580744];
table=[ table ; 352.198600  0.396754  0.299365  10.471  3.74538  -3.18824  -1.46062  -5.00912  0.076058  0.718889  -0.575728];
table=[ table ; 352.198700  0.396754  0.299976  10.4625  3.74538  -3.34897  -1.561  -5.22779  0.080616  0.737121  -0.566924];
table=[ table ; 352.198800  0.396754  0.300464  10.4211  3.74538  -3.51012  -1.6601  -5.44385  0.0850121  0.754693  -0.559639];
table=[ table ; 352.198900  0.396754  0.301684  10.3993  3.74538  -3.67375  -1.76389  -5.66065  0.0896179  0.772365  -0.55147];
table=[ table ; 352.199000  0.396144  0.302905  10.388  3.74538  -3.83934  -1.86785  -5.87538  0.094423  0.789683  -0.542748];
table=[ table ; 352.199100  0.396144  0.304125  10.3764  3.74538  -4.0069  -1.97402  -6.08897  0.0992604  0.804502  -0.533764];
table=[ table ; 352.199200  0.396144  0.305223  10.3645  3.74538  -4.17753  -2.08292  -6.29989  0.104226  0.818763  -0.523224];
table=[ table ; 352.199300  0.395533  0.307054  10.3562  3.74538  -4.34949  -2.1923  -6.50781  0.109151  0.833343  -0.512125];
table=[ table ; 352.199400  0.395533  0.308763  10.3131  3.74538  -4.52467  -2.30664  -6.71449  0.11394  0.846723  -0.499568];
table=[ table ; 352.199500  0.394435  0.310593  10.2973  3.74538  -4.70442  -2.4224  -6.91957  0.118883  0.858854  -0.490976];
table=[ table ; 352.199600  0.393825  0.312912  10.2857  3.74538  -4.88907  -2.54089  -7.12081  0.124012  0.869261  -0.484268];
table=[ table ; 352.199700  0.392604  0.315841  10.2665  3.74538  -5.08104  -2.66537  -7.31771  0.129176  0.877617  -0.488384];
table=[ table ; 352.199800  0.391506  0.318892  10.2599  3.74538  -5.28406  -2.79743  -7.50971  0.13516  0.882176  -0.491545];
table=[ table ; 352.199900  0.389675  0.321821  10.2401  3.74538  -5.50605  -2.94492  -7.69961  0.141422  0.884176  -0.496557];
table=[ table ; 352.200000  0.385526  0.329509  10.2201  3.74538  -5.76715  -3.12139  -7.90672  0.148546  0.869376  -0.501638 ];
table=[ table ; 352.196500  0.399317  0.298145  12.8769  3.99796  -0.175326  0.427304  -0.72208  0.00860594  0.617475  -0.709689];
table=[ table ; 352.197500  0.397364  0.295826  12.8256  3.72026  -1.5389  -0.441171  -2.65178  0.0423452  0.583104  -0.637415];
table=[ table ; 352.198500  0.396876  0.298267  12.7622  4.14327  -3.04943  -1.38049  -4.81404  0.0795654  0.709499  -0.56372];
table=[ table ; 352.199500  0.394435  0.310593  12.6835  3.16499  -4.73301  -2.44639  -6.95691  0.125162  0.878894  -0.489507];
table=[ table ; 352.199800  0.391384  0.31877  12.5929  2.70275  -5.31684  -2.82091  -7.56358  0.141598  0.899537  -0.483214];
table=[ table ; 352.199900  0.389065  0.323041  12.5321  2.70275  -5.53907  -2.9664  -7.76186  0.148185  0.89793  -0.485141];
%
table=[ table ; 352.196500  0.399195  0.298145  11.5371  4.36868  -0.173251  0.433222  -0.725834  0.00820536  0.625703  -0.712381];
table=[ table ; 352.196300  0.399683  0.298755  11.4939  4.22387  0.0803372  0.639837  -0.481057  0.00281905  0.629266  -0.726145];
table=[ table ; 352.196100  0.400415  0.299976  11.4826  4.22387  0.327289  1.01466  -0.324757  -0.00280214  0.637177  -0.73813];
table=[ table ;352.195900  0.400781  0.301074  11.4585  4.44166  0.567941  1.37815  -0.170542  -0.00821391  0.646333  -0.753216 ];
table=[ table ; 352.195700  0.401513  0.302294  11.4457  4.44166  0.801249  1.72343  -0.0192792  -0.013615  0.654073  -0.766242];
table=[ table ; 352.195500  0.402612  0.303515  11.4329  4.44166  1.0291  2.05627  0.128891  -0.0186929  0.661594  -0.779242];
table=[ table ; 352.195300  0.403222  0.304735  11.4187  4.65476  1.25009  2.37581  0.275035  -0.023752  0.668321  -0.791748];
table=[ table ; 352.195100  0.404442  0.306444  11.3673  4.59023  1.46483  2.68111  0.419468  -0.0286488  0.675443  -0.80518];
table=[ table ; 352.194900  0.405052  0.307664  11.3553  4.59023  1.67319  2.97399  0.558431  -0.033457  0.678689  -0.817646];
table=[ table ; 352.194700  0.406273  0.309373  11.3325  4.75532  1.87515  3.25244  0.698715  -0.0382176  0.684419  -0.831473];
table=[ table ; 352.194500  0.407371  0.311203  11.3231  4.75532  2.07114  3.51905  0.834765  -0.0428096  0.690953  -0.845381];
table=[ table ; 352.194300  0.407981  0.312912  11.3139  4.75532  2.26166  3.77347  0.969454  -0.0473609  0.697036  -0.858478];
table=[ table ; 352.194100  0.409202  0.314742  11.3025  4.75532  2.44623  4.01422  1.10151  -0.0516863  0.703541  -0.872208];
table=[ table ; 352.193700  0.412131  0.31877  11.2732  4.63297  2.79894  4.46465  1.35728  -0.0598359  0.717486  -0.897679];
table=[ table ; 352.193500  0.413229  0.3206  11.2255  4.68151  2.96705  4.67318  1.48297  -0.0638644  0.725524  -0.910412];
table=[ table ; 352.193400  0.413961  0.321821  11.1409  4.7511  3.04888  4.77449  1.54464  -0.0662113  0.730104  -0.918063];
table=[ table ; 352.193300  0.414572  0.322919  11.1294  4.48754  3.12928  4.87244  1.60437  -0.0680136  0.733603  -0.924222];
table=[ table ;352.193200  0.41567  0.32414  11.1191  4.48754  3.20888  4.96797  1.66252  -0.0700606  0.736214  -0.930107 ];
